47.6008593,-122.3290093 to 47.6008634,-122.3302793 time 34 26
47.6124761,-122.3223632 to 47.6117035,-122.3242246 time 52 186
47.6080515,-122.3154456 to 47.6103924,-122.315439 time 88 133
47.6154593,-122.3307288 to 47.6176115,-122.3318627 time 97 79
47.6109828,-122.32357 to 47.6100324,-122.3258404 time 105 191
47.6110241,-122.32821 to 47.6090381,-122.3306272 time 118 76
47.6175868,-122.3200516 to 47.6185503,-122.3234501 time 123 66
47.6079481,-122.3284765 to 47.6050917,-122.3258526 time 134 61
47.606838,-122.3381925 to 47.6103112,-122.3413171 time 134 175
47.6017176,-122.336534 to 47.6030293,-122.3331773 time 135 131
47.6128732,-122.3219805 to 47.6107703,-122.3264459 time 138 132
47.6131715,-122.3421956 to 47.6126656,-122.3373647 time 144 198
47.5983113,-122.3341291 to 47.5998691,-122.3302834 time 154 15
47.6109828,-122.32357 to 47.6091256,-122.3280124 time 164 102
47.6100658,-122.3257534 to 47.6072283,-122.3232849 time 166 106
47.6196732,-122.3304388 to 47.6192194,-122.3265799 time 166 135
47.6149542,-122.3352929 to 47.6169535,-122.332705 time 174 95
47.6008513,-122.3263566 to 47.6011028,-122.331387 time 184 108
47.6130662,-122.3162293 to 47.6176083,-122.3168881 time 186 57
47.6176898,-122.3538412 to 47.613918,-122.3514108 time 188 23
47.6128732,-122.3314382 to 47.6141046,-122.3244585 time 188 33
47.6176898,-122.3538412 to 47.613918,-122.3514108 time 188 64
47.6045973,-122.3223338 to 47.6065278,-122.3271726 time 188 120
47.6017334,-122.3335991 to 47.5992057,-122.3296758 time 195 17
47.600867,-122.331557 to 47.6031809,-122.3375627 time 209 177
47.6152423,-122.3234027 to 47.6129362,-122.316805 time 226 176
47.6055765,-122.3167753 to 47.5992058,-122.317235 time 230 68
47.6103934,-122.3173478 to 47.6140904,-122.3208285 time 235 38
47.614468,-122.3523592 to 47.6185847,-122.3528569 time 240 58
47.6075075,-122.3342339 to 47.6017246,-122.3308282 time 251 145
47.6043701,-122.3194064 to 47.607893,-122.3238935 time 256 197
47.6067422,-122.3243017 to 47.6090021,-122.330885 time 260 82
47.6136154,-122.3370367 to 47.6185671,-122.3443483 time 261 89
47.6024676,-122.327405 to 47.6030422,-122.3355688 time 265 174
47.6110706,-122.3298055 to 47.6077623,-122.335978 time 266 1
47.6115551,-122.3177089 to 47.6140923,-122.3234004 time 269 11
47.6080551,-122.3194556 to 47.615259,-122.32083 time 271 4
47.5983491,-122.3196293 to 47.6030141,-122.3194138 time 278 142
47.6034391,-122.3274205 to 47.5983577,-122.3224449 time 282 80
47.6185628,-122.3432176 to 47.6185282,-122.3334274 time 284 158
47.6208206,-122.3317229 to 47.6185503,-122.3234501 time 295 85
47.6020576,-122.3392761 to 47.6008659,-122.3311771 time 303 139
47.6151067,-122.3299218 to 47.6100324,-122.3258404 time 305 192
47.6194185,-122.3294919 to 47.6197096,-122.3384816 time 305 203
47.5984526,-122.3290474 to 47.602706,-122.3207699 time 322 104
47.6125952,-122.334263 to 47.6161394,-122.3452581 time 323 39
47.605677,-122.3281243 to 47.6207463,-122.3281531 time 323 196
47.6060865,-122.3329126 to 47.6138297,-122.3413438 time 324 125
47.6145306,-122.3329226 to 47.6185498,-122.3411653 time 327 54
47.6098432,-122.3408914 to 47.6020226,-122.3365065 time 327 121
47.6121683,-122.3385329 to 47.6185263,-122.3330009 time 329 117
47.6043312,-122.3205324 to 47.6129466,-122.3194383 time 330 160
47.6084173,-122.3273566 to 47.6008553,-122.3276639 time 339 59
47.6054068,-122.3368943 to 47.6058095,-122.3265025 time 341 149
47.6185628,-122.3432176 to 47.6197584,-122.3541602 time 361 112
47.6185071,-122.3307336 to 47.6125952,-122.334263 time 361 150
47.6017197,-122.3290467 to 47.6091536,-122.332635 time 372 166
47.6041643,-122.328058 to 47.5966661,-122.3224561 time 375 56
47.6008553,-122.3276639 to 47.6052058,-122.3180993 time 377 183
47.6115645,-122.316787 to 47.6129389,-122.3268789 time 381 72
47.6046716,-122.3316087 to 47.6079315,-122.3238011 time 385 168
47.606022,-122.3236391 to 47.6000533,-122.3341344 time 387 90
47.6177485,-122.3253012 to 47.610148,-122.333559 time 387 91
47.6085947,-122.3437883 to 47.6087555,-122.3368912 time 387 100
47.5949964,-122.3250725 to 47.6016961,-122.3207791 time 387 169
47.6075431,-122.3311558 to 47.6140923,-122.3234004 time 389 7
47.6208207,-122.3304388 to 47.6106056,-122.3324189 time 392 19
47.6017022,-122.3182273 to 47.61027,-122.322915 time 394 113
47.6068008,-122.3335804 to 47.6157232,-122.336573 time 395 161
47.6177224,-122.3340122 to 47.611197,-122.3447756 time 399 97
47.6090381,-122.3306272 to 47.6140957,-122.3194548 time 401 27
47.6148264,-122.337749 to 47.6176755,-122.3498632 time 403 187
47.6118448,-122.3439224 to 47.6053647,-122.3322713 time 415 10
47.6008789,-122.334235 to 47.6107454,-122.338721 time 416 103
47.5956658,-122.3341344 to 47.6051462,-122.3280669 time 418 128
47.6153568,-122.3295636 to 47.6103112,-122.3413171 time 426 92
47.6083806,-122.3227255 to 47.6109691,-122.3315992 time 429 65
47.6178446,-122.3421629 to 47.6141856,-122.3279221 time 438 154
47.6185282,-122.3334274 to 47.6103443,-122.3436686 time 440 51
47.6072486,-122.3278327 to 47.6123893,-122.340865 time 444 31
47.6065443,-122.3318209 to 47.6142382,-122.3322381 time 445 86
47.6090381,-122.3306272 to 47.6197152,-122.3397892 time 450 69
47.6016865,-122.3196022 to 47.5983113,-122.3341291 time 454 193
47.5992057,-122.3210272 to 47.6030293,-122.3331773 time 460 123
47.6064931,-122.322528 to 47.6128732,-122.3314382 time 460 127
47.6045897,-122.3388381 to 47.6152652,-122.3417782 time 464 29
47.6140904,-122.3208285 to 47.6026945,-122.3180977 time 467 147
47.6133524,-122.3155345 to 47.619655,-122.3252877 time 467 162
47.6112282,-122.325352 to 47.6197051,-122.3371869 time 469 122
47.6043312,-122.3205324 to 47.6130348,-122.3299871 time 483 41
47.6208478,-122.3279267 to 47.6119106,-122.3213623 time 487 24
47.6000344,-122.3276694 to 47.6068371,-122.3167792 time 490 152
47.6050917,-122.3258526 to 47.6177467,-122.3267649 time 497 0
47.6187296,-122.3304388 to 47.6197268,-122.3449995 time 497 75
47.6000485,-122.3355885 to 47.6016792,-122.3167831 time 499 194
47.6078353,-122.3238407 to 47.5992511,-122.3328922 time 500 63
47.6199425,-122.3169266 to 47.6194185,-122.3294919 time 500 167
47.6157232,-122.336573 to 47.6074564,-122.3249438 time 506 73
47.5958269,-122.3237707 to 47.6068115,-122.3288827 time 518 94
47.6027714,-122.3314201 to 47.5975058,-122.3196357 time 519 30
47.613262,-122.3443518 to 47.6114846,-122.3271042 time 525 18
47.5980607,-122.320329 to 47.6107439,-122.321783 time 527 159
47.6209091,-122.3463024 to 47.6161843,-122.331421 time 531 204
47.6114404,-122.320815 to 47.5991995,-122.3276749 time 534 88
47.6109691,-122.3315992 to 47.6177557,-122.3234628 time 534 163
47.6102141,-122.3367371 to 47.5992057,-122.3296758 time 537 185
47.5949335,-122.3259817 to 47.6043147,-122.3389224 time 541 52
47.5992057,-122.3296758 to 47.6068371,-122.3167792 time 547 140
47.6053647,-122.3322713 to 47.6178253,-122.3361727 time 553 45
47.619665,-122.3330009 to 47.6041643,-122.328058 time 554 71
47.6152835,-122.3155536 to 47.60002,-122.315936 time 555 189
47.6012379,-122.3246094 to 47.600869,-122.3194236 time 564 156
47.6043701,-122.3194064 to 47.5949871,-122.3237759 time 564 157
47.6017393,-122.3355425 to 47.6135283,-122.3320378 time 564 195
47.6182931,-122.3309975 to 47.6182375,-122.348792 time 567 110
47.6041583,-122.3387764 to 47.6129833,-122.3253518 time 568 99
47.6107439,-122.321783 to 47.5992035,-122.3290202 time 577 124
47.6163879,-122.3357275 to 47.6121417,-122.318446 time 582 3
47.5983083,-122.3332463 to 47.6100324,-122.3258404 time 587 22
47.6070218,-122.3306814 to 47.6185282,-122.3334274 time 595 6
47.6064645,-122.3207823 to 47.6111996,-122.3376326 time 597 84
47.6163962,-122.3221635 to 47.6131341,-122.3300821 time 605 172
47.6111517,-122.3344825 to 47.6210992,-122.3182328 time 611 87
47.6208207,-122.3330009 to 47.6111538,-122.3208162 time 614 16
47.6069932,-122.3260554 to 47.5966661,-122.3224561 time 616 126
47.618746,-122.3221995 to 47.6017022,-122.3182273 time 621 134
47.6125952,-122.334263 to 47.5983113,-122.3341291 time 625 60
47.6190246,-122.3251792 to 47.6076251,-122.3395976 time 626 35
47.6140945,-122.347836 to 47.6060865,-122.3329126 time 629 130
47.6021405,-122.3391509 to 47.6086189,-122.3244885 time 638 67
47.5998691,-122.3302834 to 47.6134803,-122.3289162 time 643 201
47.6116047,-122.3464893 to 47.6134367,-122.3303998 time 644 111
47.6209241,-122.3541566 to 47.6125952,-122.334263 time 646 81
47.6049475,-122.3293068 to 47.6185621,-122.3435011 time 649 55
47.6111996,-122.3376326 to 47.60621,-122.3207992 time 649 129
47.5992035,-122.3290202 to 47.6126065,-122.3452171 time 659 83
47.6077623,-122.335978 to 47.6209241,-122.3541566 time 661 5
47.5958186,-122.3216368 to 47.6068371,-122.3167792 time 661 43
47.6050917,-122.3258526 to 47.6185283,-122.3342987 time 664 170
47.6197345,-122.3463157 to 47.619655,-122.3252877 time 666 12
47.6115645,-122.316787 to 47.6196703,-122.3317229 time 671 46
47.6008943,-122.3359692 to 47.61579,-122.3506231 time 673 119
47.5983695,-122.3263731 to 47.6104138,-122.3434469 time 679 138
47.6130348,-122.3299871 to 47.6185922,-122.3503333 time 681 37
47.6190246,-122.3251792 to 47.6055624,-122.3247477 time 688 25
47.6058192,-122.3295208 to 47.6153568,-122.3295636 time 694 62
47.6072341,-122.3207746 to 47.6103112,-122.3413171 time 697 34
47.6163962,-122.3221635 to 47.6185679,-122.3453925 time 705 40
47.6044575,-122.334488 to 47.617525,-122.3297178 time 711 190
47.613262,-122.3443518 to 47.6177557,-122.3234628 time 713 21
47.613262,-122.3443518 to 47.6177557,-122.3234628 time 713 48
47.6064645,-122.3207823 to 47.613718,-122.3391467 time 713 93
47.613262,-122.3443518 to 47.6177557,-122.3234628 time 713 96
47.613262,-122.3443518 to 47.6177557,-122.3234628 time 713 180
47.613262,-122.3443518 to 47.6177557,-122.3234628 time 713 200
47.5947584,-122.3250728 to 47.6090021,-122.330885 time 718 74
47.6131341,-122.3300821 to 47.6053411,-122.3276092 time 723 2
47.6185889,-122.3514135 to 47.6152309,-122.3255267 time 730 181
47.6147021,-122.3302555 to 47.6152458,-122.3497074 time 731 101
47.6104138,-122.3434469 to 47.6045973,-122.3223338 time 733 148
47.6053181,-122.3229841 to 47.6208672,-122.3371639 time 736 32
47.6012228,-122.330274 to 47.615349,-122.3478986 time 739 98
47.6141567,-122.3478479 to 47.615259,-122.32083 time 742 77
47.6105379,-122.3450092 to 47.5982936,-122.3355319 time 747 199
47.6208889,-122.3410873 to 47.6067422,-122.3243017 time 756 47
47.6152309,-122.3255267 to 47.5991955,-122.3263677 time 765 151
47.6088488,-122.3400201 to 47.6043662,-122.3180972 time 774 78
47.6211088,-122.3168729 to 47.6160253,-122.3430881 time 775 42
47.6022648,-122.3278983 to 47.6185498,-122.3411653 time 783 107
47.5975125,-122.3224505 to 47.6085947,-122.3437883 time 784 8
47.6151357,-122.3314932 to 47.5992073,-122.3302763 time 784 144
47.6152491,-122.322146 to 47.5992187,-122.3359196 time 802 116
47.5955446,-122.3186531 to 47.6163758,-122.3234327 time 806 13
47.6159231,-122.3488559 to 47.6128732,-122.3219805 time 807 188
47.6197345,-122.3463157 to 47.6041643,-122.328058 time 810 44
47.6196778,-122.3343204 to 47.6045918,-122.3207915 time 813 164
47.6164392,-122.3168729 to 47.6000223,-122.323459 time 815 115
47.6017203,-122.330277 to 47.6196703,-122.3317229 time 818 28
47.5983027,-122.3315944 to 47.6152309,-122.3255267 time 825 105
47.6008781,-122.3341327 to 47.6185922,-122.3503333 time 833 137
47.5992187,-122.3359196 to 47.6182375,-122.348792 time 837 109
47.6197152,-122.3397892 to 47.6024676,-122.327405 time 837 178
47.6187296,-122.3304388 to 47.6035228,-122.3180949 time 842 70
47.6176755,-122.3498632 to 47.6129732,-122.3208155 time 842 146
47.6113665,-122.3454328 to 47.6187537,-122.3195328 time 847 9
47.6129466,-122.3194383 to 47.5957694,-122.3187713 time 848 53
47.6197321,-122.3423798 to 47.6000474,-122.3358973 time 860 179
47.6123094,-122.3180452 to 47.6197268,-122.3449995 time 871 202
47.6152964,-122.3378474 to 47.5975164,-122.3237445 time 874 118
47.6131459,-122.3480941 to 47.6064931,-122.322528 time 874 171
47.6134841,-122.3486683 to 47.6016865,-122.3196022 time 885 36
47.5983419,-122.317236 to 47.6178784,-122.3342926 time 899 114
47.6184582,-122.3291106 to 47.606202,-122.3154533 time 900 165
47.605859,-122.3380844 to 47.6210713,-122.3221758 time 906 173
47.6063685,-122.3393111 to 47.6210713,-122.3221758 time 911 143
47.6185064,-122.3239845 to 47.6170488,-122.3546804 time 913 14
47.6163674,-122.3285893 to 47.596674,-122.3250507 time 920 153
47.6178446,-122.3421629 to 47.5958641,-122.3193853 time 956 184
47.6197247,-122.3410853 to 47.5973364,-122.3315953 time 967 141
47.6030141,-122.3194138 to 47.6197196,-122.3438407 time 978 50
