47.5966533,-122.3115943 to 47.5966426,-122.314036 time 130
47.6078353,-122.3238407 to 47.603423,-122.3227919 time 209
47.6141253,-122.3136823 to 47.6092228,-122.3167865 time 240
47.6245397,-122.345628 to 47.6197196,-122.3438407 time 243
47.6125952,-122.334263 to 47.6153568,-122.3295636 time 303
47.60088,-122.3169769 to 47.5915405,-122.3172832 time 309
47.6008604,-122.3128724 to 47.6092158,-122.3141617 time 310
47.603519,-122.3142052 to 47.6115525,-122.3114791 time 358
47.6187653,-122.3182109 to 47.6185263,-122.3330009 time 363
47.6259834,-122.3308471 to 47.6169535,-122.332705 time 419
47.6028269,-122.3360403 to 47.5923902,-122.3327879 time 419
47.6050917,-122.3258526 to 47.5966426,-122.314036 time 516
47.6092085,-122.308944 to 47.6211261,-122.3144294 time 570
47.6205306,-122.3286518 to 47.6083679,-122.3242633 time 576
47.6141132,-122.3114705 to 47.5992229,-122.3103071 time 592
47.6141051,-122.3155439 to 47.6102801,-122.3398417 time 619
47.6017311,-122.3328372 to 47.6129396,-122.3176731 time 641
47.613262,-122.3443518 to 47.607893,-122.3238935 time 663
47.615289,-122.3127901 to 47.5992229,-122.3103071 time 692
47.625473,-122.3202986 to 47.6171513,-122.3370451 time 698
47.5949335,-122.3259817 to 47.607833,-122.3390905 time 718
47.5902764,-122.3332618 to 47.6077082,-122.3267127 time 764
47.6012379,-122.3246094 to 47.6120871,-122.3322335 time 769
47.6028956,-122.3398408 to 47.6130601,-122.3331627 time 785
47.6141051,-122.3155439 to 47.5966628,-122.321664 time 789
47.5923908,-122.333225 to 47.6172837,-122.3566632 time 807
47.6035364,-122.3207792 to 47.6119503,-122.3460638 time 815
47.6035361,-122.3367059 to 47.6150548,-122.3114498 time 814
47.6220586,-122.3462945 to 47.6210649,-122.3230847 time 853
47.6172396,-122.347109 to 47.6176072,-122.3181951 time 878
47.592392,-122.3341983 to 47.6026892,-122.3089748 time 919
47.6072283,-122.3232849 to 47.6175723,-122.351657 time 921
47.5903315,-122.3360145 to 47.6245397,-122.345628 time 929
47.6220586,-122.3462945 to 47.6011028,-122.331387 time 951
47.624699,-122.3371419 to 47.60621,-122.3207992 time 956
47.5966591,-122.308988 to 47.6139394,-122.327808 time 966
47.5902764,-122.3332618 to 47.6177598,-122.3383398 time 977
47.6130662,-122.3162293 to 47.61579,-122.3506231 time 989
47.6025548,-122.3296796 to 47.622102,-122.3126497 time 1003
47.6231053,-122.3177882 to 47.6103443,-122.3436686 time 1017
47.6188386,-122.3438194 to 47.6115414,-122.3088653 time 1030
47.5973364,-122.3315953 to 47.6251233,-122.3265784 time 1083
47.6037447,-122.3362099 to 47.6232553,-122.3113138 time 1258
47.6026892,-122.3089748 to 47.6196851,-122.3291255 time 1257
47.6183353,-122.3529962 to 47.623105,-122.3146705 time 1264
47.6257087,-122.356913 to 47.6060838,-122.3282382 time 1276
47.5982936,-122.3355319 to 47.6174793,-122.3343445 time 1275
47.5983419,-122.317236 to 47.6251249,-122.3213347 time 1294
47.6026827,-122.3141866 to 47.619083,-122.3581633 time 1407
47.594186,-122.3359944 to 47.6083209,-122.3310267 time 1641
