47.6192299,-122.3252838 to 47.6177467,-122.3267649 time 90 1
47.5983071,-122.3328994 to 47.6032433,-122.3302856 time 269 4
47.6208834,-122.3435825 to 47.6220176,-122.334334 time 283 6
47.6055705,-122.3154559 to 47.6083806,-122.3227255 time 291 5
47.6148418,-122.333146 to 47.6069932,-122.3260554 time 358 5
47.5958153,-122.3140347 to 47.6016771,-122.314919 time 360 5
47.6133397,-122.3521676 to 47.6056454,-122.3386264 time 385 5
47.6163674,-122.3285893 to 47.6123028,-122.3387594 time 387 6
47.6114445,-122.322445 to 47.6115459,-122.3101674 time 387 5
47.6196732,-122.3304388 to 47.6103025,-122.3275381 time 418 6
47.5938343,-122.320059 to 47.6017115,-122.3263509 time 433 6
47.6129363,-122.3301524 to 47.6152774,-122.3168567 time 456 5
47.5983577,-122.3224449 to 47.6060865,-122.3329126 time 465 5
47.6208889,-122.3410873 to 47.6106961,-122.3355778 time 470 7
47.6149542,-122.3352929 to 47.6250092,-122.3291775 time 511 5
47.6197487,-122.3528404 to 47.6116831,-122.336471 time 529 6
47.6196811,-122.3100703 to 47.6128732,-122.3219805 time 542 6
47.6197423,-122.3476296 to 47.6072664,-122.3324742 time 547 7
47.6199225,-122.3195342 to 47.6200797,-122.3288241 time 548 7
47.6129466,-122.3194383 to 47.6254072,-122.3243072 time 564 8
47.5992187,-122.3359196 to 47.5926954,-122.3240446 time 584 6
47.6080551,-122.3194556 to 47.6231311,-122.324012 time 631 8
47.6080481,-122.3141718 to 47.622076,-122.3087286 time 650 6
47.6127077,-122.3473929 to 47.6109691,-122.3315992 time 650 9
47.6026992,-122.3193975 to 47.605859,-122.3380844 time 653 9
47.6199326,-122.318221 to 47.6185512,-122.3415489 time 693 6
47.6091256,-122.3280124 to 47.6251257,-122.3224006 time 789 9
47.6086836,-122.3337566 to 47.6170104,-122.357014 time 863 10
47.6242642,-122.3146306 to 47.6219768,-122.3304388 time 868 6
47.6052465,-122.3287161 to 47.6000423,-122.3302828 time 876 8
47.6084779,-122.3306893 to 47.6055648,-122.3141872 time 885 10
47.6257623,-122.3371436 to 47.625473,-122.3202986 time 930 7
47.6051575,-122.3351305 to 47.6210899,-122.3195495 time 941 10
47.6016792,-122.3167831 to 47.6232553,-122.3113138 time 946 10
47.6185628,-122.3432176 to 47.6164493,-122.310133 time 956 11
47.6044575,-122.334488 to 47.6140573,-122.3477251 time 984 9
47.6068328,-122.3154507 to 47.6208207,-122.3304388 time 1039 10
47.6063357,-122.3346862 to 47.6204843,-122.3087567 time 1065 12
47.6254066,-122.3462378 to 47.6077082,-122.3267127 time 1090 11
47.6117685,-122.3193346 to 47.624699,-122.3371419 time 1096 9
47.595284,-122.3208899 to 47.6117946,-122.3394074 time 1113 10
47.6164294,-122.3181791 to 47.6209455,-122.3580455 time 1209 12
47.607744,-122.3313384 to 47.6221085,-122.3567311 time 1217 10
47.6141567,-122.3478479 to 47.6043423,-122.3112262 time 1231 13
47.5991896,-122.324408 to 47.6185512,-122.3415489 time 1368 11
47.618746,-122.3221995 to 47.5923171,-122.32587 time 1387 12
47.5966533,-122.3115943 to 47.6220483,-122.3384604 time 1402 13
47.6253422,-122.3157346 to 47.5949964,-122.3250725 time 1412 12
47.6129389,-122.3268789 to 47.6258425,-122.3606253 time 1497 12
47.6000061,-122.3103 to 47.6209383,-122.3475924 time 1623 15
