47.5957657,-122.3189836 to 47.5957657,-122.3189836 time 0
47.6244557,-122.310002 to 47.6252477,-122.30999 time 33
47.623215,-122.3423609 to 47.6220557,-122.3423596 time 37
47.605859,-122.3380844 to 47.6053115,-122.3394838 time 48
47.6105202,-122.3246845 to 47.6103377,-122.3260564 time 50
47.6253422,-122.3157346 to 47.6242709,-122.3167472 time 65
47.6208984,-122.3437613 to 47.6188386,-122.3438194 time 70
47.6017368,-122.3341257 to 47.6017176,-122.336534 time 76
47.6008553,-122.3276639 to 47.6012228,-122.330274 time 88
47.6211261,-122.3144294 to 47.6199697,-122.3127401 time 97
47.6000344,-122.3276694 to 47.6000225,-122.3237278 time 105
47.5958218,-122.3125187 to 47.5934933,-122.3097301 time 117
47.6154758,-122.3461132 to 47.6140385,-122.3496002 time 121
47.5992057,-122.3296758 to 47.5998196,-122.3302398 time 125
47.6046185,-122.3269834 to 47.6074864,-122.3295782 time 128
47.614102,-122.3268213 to 47.6170891,-122.3278779 time 131
47.6121857,-122.3198574 to 47.6133524,-122.3155345 time 138
47.6152704,-122.3181633 to 47.6176159,-122.3155739 time 141
47.6128085,-122.3511549 to 47.6131459,-122.3480941 time 150
47.6038779,-122.3382122 to 47.6065823,-122.3364381 time 158
47.6121683,-122.3385329 to 47.6149542,-122.3352929 time 159
47.6019373,-122.3180738 to 47.603519,-122.3142052 time 166
47.6105379,-122.3450092 to 47.6128157,-122.3495132 time 169
47.6027714,-122.3314201 to 47.6044575,-122.334488 time 174
47.6208207,-122.3291478 to 47.6208535,-122.3358701 time 177
47.5943362,-122.3252079 to 47.5984526,-122.3290474 time 190
47.6092281,-122.3173403 to 47.6092102,-122.3102358 time 192
47.6199123,-122.3208739 to 47.6164294,-122.3181791 time 193
47.6142851,-122.3361644 to 47.617062,-122.3348561 time 198
47.6075075,-122.3342339 to 47.608661,-122.3291368 time 208
47.6109828,-122.32357 to 47.6090381,-122.3306272 time 209
47.6107703,-122.3264459 to 47.6152309,-122.3255267 time 211
47.6120871,-122.3322335 to 47.6148264,-122.337749 time 210
47.6063357,-122.3346862 to 47.6012228,-122.330274 time 216
47.6050917,-122.3258526 to 47.6052098,-122.319415 time 217
47.600869,-122.3194236 to 47.5983316,-122.3134211 time 221
47.6152309,-122.3255267 to 47.6114445,-122.322445 time 224
47.6127351,-122.3221029 to 47.6088722,-122.3262522 time 224
47.6185265,-122.3127583 to 47.6129186,-122.3127864 time 232
47.6000423,-122.3302828 to 47.6017176,-122.336534 time 234
47.5992507,-122.323733 to 47.5983027,-122.3315944 time 235
47.6163523,-122.351568 to 47.6140573,-122.3477251 time 237
47.6208478,-122.3279267 to 47.6231311,-122.3220095 time 238
47.6242721,-122.3291478 to 47.6245636,-122.3358414 time 242
47.6192299,-122.3252838 to 47.6210992,-122.3182328 time 244
47.6058842,-122.3403801 to 47.6075075,-122.3342339 time 246
47.6080481,-122.3141718 to 47.6072283,-122.3232849 time 252
47.6232139,-122.3371661 to 47.6166472,-122.3381133 time 252
47.6211172,-122.3156742 to 47.6152849,-122.314213 time 254
47.5991896,-122.324408 to 47.5998691,-122.3302834 time 254
47.6164535,-122.3114529 to 47.6128274,-122.3168033 time 256
47.6017176,-122.336534 to 47.6048794,-122.3286935 time 260
47.61027,-122.322915 to 47.6163572,-122.3255382 time 265
47.6247012,-122.3397281 to 47.6177598,-122.3383398 time 268
47.6112282,-122.325352 to 47.6155055,-122.332284 time 270
47.6177598,-122.3383398 to 47.6185671,-122.3443483 time 271
47.5958189,-122.3127999 to 47.6001947,-122.3172136 time 271
47.6219472,-122.3126528 to 47.6164493,-122.310133 time 271
47.6048794,-122.3286935 to 47.5983655,-122.3250394 time 272
47.6185409,-122.3384897 to 47.6144573,-122.3298059 time 277
47.6114404,-122.320815 to 47.6177557,-122.3234628 time 280
47.6140814,-122.3221283 to 47.6093695,-122.3298023 time 280
47.5992057,-122.3224393 to 47.6026945,-122.3180977 time 283
47.6187653,-122.3182109 to 47.6220935,-122.3113634 time 284
47.6008655,-122.3140946 to 47.6074135,-122.3163384 time 291
47.6093695,-122.3298023 to 47.6076251,-122.3395976 time 293
47.6032433,-122.3302856 to 47.6016865,-122.3196022 time 294
47.6231074,-122.3157144 to 47.6152835,-122.3155536 time 297
47.6254439,-122.3567189 to 47.6247169,-122.3449545 time 300
47.6115459,-122.3101674 to 47.6164428,-122.3155451 time 301
47.6075075,-122.3342339 to 47.611508,-122.3301913 time 302
47.6245397,-122.345628 to 47.6183002,-122.3440662 time 304
47.6081976,-122.3302357 to 47.6046716,-122.3316087 time 303
47.6137219,-122.3322218 to 47.6185367,-122.3372085 time 304
47.6121683,-122.3385329 to 47.6185759,-122.3476152 time 310
47.5991463,-122.3237336 to 47.6008437,-122.3172759 time 311
47.6084173,-122.3273566 to 47.6102141,-122.3367371 time 313
47.6154593,-122.3307288 to 47.607893,-122.3238935 time 316
47.6197679,-122.3554556 to 47.6173331,-122.3453221 time 320
47.6114846,-122.3271042 to 47.6106961,-122.3355778 time 324
47.6083679,-122.3242633 to 47.6110706,-122.3298055 time 333
47.6092355,-122.32081 to 47.6141132,-122.3114705 time 334
47.6129861,-122.3234164 to 47.610148,-122.333559 time 334
47.6129112,-122.314161 to 47.6163758,-122.3234327 time 338
47.6171294,-122.3489278 to 47.6148264,-122.337749 time 343
47.61579,-122.3506231 to 47.6166038,-122.3400508 time 346
47.5926086,-122.3261859 to 47.5991463,-122.3237336 time 349
47.6242721,-122.3291478 to 47.6190246,-122.3251792 time 351
47.5998691,-122.3302834 to 47.6060838,-122.3282382 time 353
47.6152309,-122.3255267 to 47.6081721,-122.3256052 time 355
47.6196703,-122.3317229 to 47.6210649,-122.3230847 time 355
47.6129833,-122.3253518 to 47.6071764,-122.3232374 time 356
47.6126065,-122.3452171 to 47.6121367,-122.3353812 time 358
47.6259478,-122.3343735 to 47.6163879,-122.3357275 time 358
47.6129396,-122.3176731 to 47.6052058,-122.3180993 time 359
47.6201976,-122.360045 to 47.6170082,-122.350729 time 362
47.6155055,-122.332284 to 47.6246146,-122.3336416 time 364
47.6030141,-122.3194138 to 47.6061924,-122.3128316 time 364
47.60621,-122.3207992 to 47.6152423,-122.3234027 time 367
47.6008553,-122.3276639 to 47.5926954,-122.3240446 time 368
47.6152423,-122.3234027 to 47.6079315,-122.3238011 time 372
47.6209091,-122.3463024 to 47.6208679,-122.3384717 time 373
47.614498,-122.340479 to 47.6117227,-122.3470302 time 374
47.6242748,-122.3317243 to 47.6197247,-122.3410853 time 375
47.6166038,-122.3400508 to 47.6079696,-122.3331106 time 376
47.6145996,-122.3426342 to 47.6185071,-122.3307336 time 378
47.6057823,-122.3218795 to 47.6091536,-122.332635 time 383
47.6121417,-122.318446 to 47.6026992,-122.3193975 time 386
47.6117035,-122.3242246 to 47.6055765,-122.3167753 time 386
47.6254066,-122.3462378 to 47.6183353,-122.3529962 time 387
47.6184473,-122.3551371 to 47.6243998,-122.3475607 time 387
47.6102141,-122.3367371 to 47.6183871,-122.3331763 time 392
47.6242665,-122.32403 to 47.6211357,-122.3136481 time 395
47.6026925,-122.3112633 to 47.6129142,-122.3114784 time 406
47.6148037,-122.3469792 to 47.6116191,-122.3333583 time 409
47.6170082,-122.350729 to 47.6180335,-122.3404905 time 413
47.6083679,-122.3242633 to 47.6116831,-122.336471 time 416
47.6039968,-122.338314 to 47.6133768,-122.3504595 time 419
47.5951532,-122.3332532 to 47.5958371,-122.32639 time 420
47.6019373,-122.3180738 to 47.5992133,-122.3322331 time 421
47.6252628,-122.3125999 to 47.6152849,-122.314213 time 423
47.6128274,-122.3168033 to 47.6220935,-122.3113634 time 430
47.6196723,-122.3239973 to 47.6092355,-122.32081 time 431
47.6121367,-122.3353812 to 47.6209091,-122.3463024 time 432
47.6078353,-122.3238407 to 47.6152835,-122.3155536 time 434
47.6053115,-122.3394838 to 47.6125952,-122.334263 time 436
47.6041643,-122.328058 to 47.6128274,-122.3168033 time 438
47.6129389,-122.3268789 to 47.6074096,-122.3154428 time 438
47.6049475,-122.3293068 to 47.6164476,-122.328335 time 440
47.6042227,-122.3207871 to 47.6091536,-122.332635 time 441
47.6124852,-122.3280058 to 47.6199326,-122.318221 time 442
47.6057823,-122.3218795 to 47.61875,-122.3208473 time 444
47.6127077,-122.3473929 to 47.6136154,-122.3370367 time 448
47.6152849,-122.314213 to 47.6016955,-122.3141363 time 451
47.6125459,-122.3219357 to 47.6185263,-122.3330009 time 451
47.615616,-122.3344308 to 47.6056295,-122.334026 time 452
47.6092355,-122.32081 to 47.6161843,-122.331421 time 452
47.6175845,-122.3208427 to 47.6208438,-122.3343387 time 453
47.611197,-122.3447756 to 47.6197857,-122.3580574 time 454
47.6017368,-122.3342296 to 47.6100324,-122.3258404 time 454
47.6092979,-122.3389402 to 47.6183871,-122.3331763 time 456
47.5926086,-122.3261859 to 47.6017368,-122.3342296 time 457
47.614498,-122.340479 to 47.6247012,-122.3397281 time 457
47.6092102,-122.3102358 to 47.615259,-122.32083 time 457
47.6000545,-122.3342459 to 47.6104138,-122.3434469 time 456
47.6100324,-122.3258404 to 47.6152541,-122.3114338 time 458
47.6183353,-122.3529962 to 47.6177598,-122.3383398 time 461
47.6245552,-122.338463 to 47.6123893,-122.340865 time 461
47.6175767,-122.3221815 to 47.606022,-122.3236391 time 463
47.6134367,-122.3303998 to 47.6057823,-122.3218795 time 466
47.5958633,-122.3192755 to 47.6052139,-122.32079 time 467
47.6199684,-122.3135262 to 47.6231311,-122.3273209 time 467
47.6209091,-122.3463024 to 47.6103443,-122.3436686 time 468
47.6063357,-122.3346862 to 47.6172396,-122.347109 time 475
47.6161468,-122.3088326 to 47.6210804,-122.3208841 time 474
47.6107439,-122.321783 to 47.6250472,-122.3209026 time 477
47.6129403,-122.3165312 to 47.6079696,-122.3331106 time 478
47.6103939,-122.3141348 to 47.6091256,-122.3280124 time 480
47.6115459,-122.3101674 to 47.6232488,-122.308685 time 482
47.6065278,-122.3271726 to 47.6166038,-122.3400508 time 484
47.6252628,-122.3125999 to 47.6129186,-122.3127864 time 483
47.5924036,-122.3243726 to 47.5923772,-122.3118554 time 484
47.6175767,-122.3221815 to 47.6219768,-122.3304388 time 487
47.6245675,-122.3527877 to 47.6172837,-122.3566632 time 489
47.6153568,-122.3295636 to 47.6086189,-122.3244885 time 494
47.6208916,-122.3423661 to 47.6197679,-122.3554556 time 494
47.6140621,-122.3340552 to 47.6072144,-122.323145 time 494
47.618746,-122.3221995 to 47.6111996,-122.3376326 time 496
47.6231311,-122.3230383 to 47.6100304,-122.3211481 time 496
47.6129186,-122.3127864 to 47.6242506,-122.3126184 time 497
47.6049475,-122.3293068 to 47.5980607,-122.320329 time 496
47.6118448,-122.3439224 to 47.6011028,-122.331387 time 498
47.6243959,-122.3462444 to 47.6209325,-122.3554526 time 500
47.6141193,-122.3142274 to 47.601699,-122.31784 time 503
47.6090381,-122.3306272 to 47.5987192,-122.3355801 time 503
47.5958241,-122.3122954 to 47.5958319,-122.3250563 time 504
47.6075431,-122.3311558 to 47.6152774,-122.3168567 time 506
47.6176239,-122.3142765 to 47.6231311,-122.3265784 time 506
47.6208478,-122.3265775 to 47.6159305,-122.3409072 time 507
47.6062098,-122.3181012 to 47.5958735,-122.3089727 time 508
47.6067422,-122.3243017 to 47.6115414,-122.3088653 time 510
47.6126065,-122.3452171 to 47.6247012,-122.3397281 time 511
47.6176239,-122.3142765 to 47.6103025,-122.3275381 time 512
47.6044575,-122.334488 to 47.6149998,-122.3318142 time 517
47.5958186,-122.3216368 to 47.5983203,-122.3089874 time 517
47.6232618,-122.3286673 to 47.6113492,-122.339962 time 519
47.6148418,-122.333146 to 47.6178039,-122.3480716 time 523
47.6084406,-122.331992 to 47.6030141,-122.3194138 time 523
47.6208535,-122.3358701 to 47.623135,-122.3253208 time 524
47.6196811,-122.3100703 to 47.6208478,-122.3265775 time 522
47.6075431,-122.3311558 to 47.6185192,-122.3313886 time 524
47.6024792,-122.3369136 to 47.6083806,-122.3227255 time 525
47.6250092,-122.3291775 to 47.6231311,-122.3273209 time 526
47.6204962,-122.3113958 to 47.6114404,-122.320815 time 527
47.5966533,-122.3115943 to 47.5943362,-122.3252079 time 536
47.6062098,-122.3181012 to 47.6024792,-122.3369136 time 539
47.6056014,-122.3293393 to 47.612912,-122.3154175 time 541
47.6100658,-122.3257534 to 47.622193,-122.3284962 time 544
47.5951389,-122.3134336 to 47.6061792,-122.3102617 time 548
47.6135929,-122.3351911 to 47.6175723,-122.351657 time 550
47.613279,-122.3374748 to 47.6000545,-122.3342459 time 551
47.6039483,-122.3309243 to 47.6163879,-122.3357275 time 553
47.6038377,-122.3271504 to 47.606202,-122.3154533 time 557
47.6052098,-122.319415 to 47.5966628,-122.321664 time 561
47.6178039,-122.3480716 to 47.6141579,-122.3317551 time 562
47.5951493,-122.3264032 to 47.595284,-122.3208899 time 566
47.6220176,-122.334334 to 47.6185922,-122.3503333 time 569
47.6049427,-122.3379977 to 47.6062119,-122.3194197 time 570
47.6052018,-122.3167764 to 47.6008789,-122.334235 time 571
47.6185283,-122.3342987 to 47.6133524,-122.3155345 time 569
47.6043458,-122.3128439 to 47.5998691,-122.3302834 time 574
47.6044864,-122.3390825 to 47.6050574,-122.3212207 time 575
47.6175723,-122.351657 to 47.6245695,-122.3343555 time 574
47.6062742,-122.3254044 to 47.6185498,-122.3411653 time 577
47.6027128,-122.3221465 to 47.6166538,-122.3278808 time 579
47.6058842,-122.3403801 to 47.5962097,-122.3276948 time 581
47.59029,-122.3341972 to 47.6051141,-122.3305267 time 583
47.6148264,-122.337749 to 47.6254138,-122.3488383 time 587
47.6008553,-122.3276639 to 47.6103924,-122.315439 time 592
47.5903061,-122.3351445 to 47.6053115,-122.3394838 time 592
47.5992058,-122.319636 to 47.6140997,-122.3181455 time 597
47.6196851,-122.3291255 to 47.6242718,-122.3177911 time 597
47.6042382,-122.337344 to 47.6169535,-122.332705 time 602
47.6184942,-122.3278818 to 47.6058727,-122.3357869 time 601
47.6176102,-122.3088074 to 47.6064931,-122.322528 time 603
47.6000264,-122.3250284 to 47.5918572,-122.3230395 time 605
47.6072626,-122.3231891 to 47.6210992,-122.3182328 time 605
47.6044575,-122.334488 to 47.6177467,-122.3267649 time 605
47.6117067,-122.3417417 to 47.6129732,-122.3208155 time 605
47.6103783,-122.3115047 to 47.6252477,-122.30999 time 607
47.6178446,-122.3421629 to 47.6198882,-122.3600215 time 610
47.6080481,-122.3141718 to 47.6219768,-122.3209261 time 611
47.617525,-122.3297178 to 47.6130662,-122.3162293 time 612
47.6089016,-122.3431637 to 47.6062742,-122.3254044 time 613
47.6129732,-122.3208155 to 47.6035246,-122.308955 time 615
47.6017415,-122.3362691 to 47.6103934,-122.3173478 time 615
47.6053647,-122.3322713 to 47.6016911,-122.3128616 time 615
47.6151067,-122.3299218 to 47.6185679,-122.3453925 time 615
47.6208478,-122.3279267 to 47.6075075,-122.3342339 time 616
47.6000061,-122.3103 to 47.6084173,-122.3273566 time 618
47.6175723,-122.351657 to 47.6038779,-122.3382122 time 618
47.6164476,-122.328335 to 47.6244488,-122.3423661 time 621
47.6100324,-122.3258404 to 47.623102,-122.3167485 time 623
47.6043423,-122.3112262 to 47.6098286,-122.328663 time 625
47.614498,-122.340479 to 47.6053181,-122.3229841 time 625
47.6242721,-122.3291478 to 47.6056014,-122.3293393 time 628
47.5958218,-122.3125187 to 47.6081976,-122.3302357 time 629
47.5996012,-122.321032 to 47.5902764,-122.3332618 time 626
47.6128274,-122.3168033 to 47.6187296,-122.3304388 time 631
47.5964835,-122.32904 to 47.6092281,-122.3173403 time 634
47.6092158,-122.3141617 to 47.6192194,-122.3265799 time 636
47.6067422,-122.3243017 to 47.5958241,-122.3122954 time 639
47.6119503,-122.3460638 to 47.6065278,-122.3271726 time 640
47.6043556,-122.3141966 to 47.6185112,-122.3088113 time 640
47.6232727,-122.3567162 to 47.6117946,-122.3394074 time 642
47.6204843,-122.3087567 to 47.6176115,-122.3318627 time 645
47.6231311,-122.3220095 to 47.6050574,-122.3212207 time 647
47.6000384,-122.3290147 to 47.6155055,-122.332284 time 647
47.606838,-122.3381925 to 47.622193,-122.3284962 time 650
47.6130475,-122.3400195 to 47.602201,-122.3293592 time 651
47.6117067,-122.3417417 to 47.6000225,-122.3237278 time 653
47.6252125,-122.3319404 to 47.6231311,-122.3265784 time 656
47.6219768,-122.3330009 to 47.6242631,-122.32095 time 657
47.6139547,-122.3375919 to 47.6199524,-122.3156184 time 658
47.6170082,-122.350729 to 47.6257653,-122.3386062 time 661
47.6081976,-122.3302357 to 47.6043223,-122.3089359 time 663
47.6129466,-122.3194383 to 47.5996012,-122.321032 time 664
47.5975537,-122.3200722 to 47.6121683,-122.3385329 time 665
47.6011708,-122.3172791 to 47.6176244,-122.3127821 time 667
47.6107454,-122.338721 to 47.5958171,-122.3212326 time 666
47.6259645,-122.3325681 to 47.6169102,-122.3525163 time 670
47.6118448,-122.3439224 to 47.5983735,-122.3276804 time 673
47.6166958,-122.3422208 to 47.605677,-122.3281243 time 678
47.6170488,-122.3546804 to 47.6149542,-122.3352929 time 678
47.6118448,-122.3439224 to 47.6078756,-122.3237499 time 679
47.6184473,-122.3551371 to 47.6177224,-122.3340122 time 683
47.6116191,-122.3333583 to 47.6115414,-122.3088653 time 681
47.6038377,-122.3271504 to 47.6177471,-122.325552 time 683
47.6035228,-122.3180949 to 47.6198151,-122.3234436 time 685
47.6232045,-122.3447915 to 47.6152248,-122.3278993 time 685
47.6127351,-122.3221029 to 47.5996012,-122.321032 time 685
47.6079696,-122.3331106 to 47.6103783,-122.3115047 time 686
47.6104138,-122.3434469 to 47.6119106,-122.3213623 time 689
47.6153568,-122.3295636 to 47.5904127,-122.3227019 time 696
47.6071554,-122.3230911 to 47.5934644,-122.3246225 time 698
47.6254198,-122.3501743 to 47.6149998,-122.3318142 time 699
47.6061924,-122.3128316 to 47.6219768,-122.3209261 time 700
47.6178123,-122.3559748 to 47.625413,-122.341035 time 701
47.6031809,-122.3375627 to 47.5983316,-122.3134211 time 703
47.6086836,-122.3337566 to 47.6242748,-122.3317243 time 703
47.606838,-122.3381925 to 47.6000201,-122.3141289 time 705
47.5949364,-122.3141978 to 47.6097652,-122.3378196 time 707
47.615349,-122.3478986 to 47.6105202,-122.3246845 time 708
47.6140904,-122.3208285 to 47.5983027,-122.3315944 time 706
47.6187832,-122.3155815 to 47.6008547,-122.3115574 time 709
47.6130662,-122.3162293 to 47.5991896,-122.324408 time 711
47.6092158,-122.3141617 to 47.5982936,-122.3355319 time 712
47.5966495,-122.3120942 to 47.6100324,-122.3258404 time 712
47.6148037,-122.3469792 to 47.6062742,-122.3254044 time 714
47.6026925,-122.3112633 to 47.6204962,-122.3113958 time 713
47.5992178,-122.3341314 to 47.5940496,-122.3101356 time 713
47.5992229,-122.3103071 to 47.6164493,-122.310133 time 715
47.6138297,-122.3413438 to 47.6175868,-122.3200516 time 716
47.5992227,-122.3115894 to 47.6176159,-122.3155739 time 720
47.6000223,-122.323459 to 47.6089016,-122.3431637 time 724
47.6236537,-122.328582 to 47.6245487,-122.3481097 time 734
47.6196798,-122.3297158 to 47.6183353,-122.3529962 time 735
47.6210872,-122.3199249 to 47.6043458,-122.3128439 time 734
47.6096853,-122.3346631 to 47.6199524,-122.3156184 time 737
47.5992059,-122.3144265 to 47.6129851,-122.325496 time 737
47.6020332,-122.3376194 to 47.6131459,-122.3480941 time 739
47.6158722,-122.3278842 to 47.6025548,-122.3296796 time 738
47.5955446,-122.3186531 to 47.6151357,-122.3314932 time 739
47.6000423,-122.3302828 to 47.6141193,-122.3142274 time 739
47.5992059,-122.314144 to 47.6164493,-122.310133 time 739
47.6176072,-122.3181951 to 47.6220547,-122.3410794 time 743
47.6000223,-122.323459 to 47.6103783,-122.3115047 time 742
47.6157232,-122.336573 to 47.6039483,-122.3309243 time 746
47.6219768,-122.3330009 to 47.6025548,-122.3296796 time 748
47.594186,-122.3359944 to 47.6134841,-122.3486683 time 749
47.6083679,-122.3242633 to 47.624259,-122.3136282 time 748
47.5928512,-122.3092473 to 47.6074864,-122.3295782 time 751
47.6149998,-122.3318142 to 47.6000427,-122.330436 time 753
47.6242721,-122.3330009 to 47.6152835,-122.3155536 time 753
47.6149349,-122.3286964 to 47.6049475,-122.3293068 time 760
47.6080551,-122.3194556 to 47.6244587,-122.3112969 time 766
47.606022,-122.3236391 to 47.6127503,-122.3473441 time 770
47.6208206,-122.3317229 to 47.6115547,-122.3127959 time 771
47.5996012,-122.321032 to 47.6129363,-122.3301524 time 773
47.6188386,-122.3438194 to 47.6219768,-122.3209261 time 776
47.611197,-122.3447756 to 47.6064645,-122.3207823 time 777
47.6212963,-122.314655 to 47.6242721,-122.3330009 time 779
47.600867,-122.331557 to 47.5958153,-122.3140347 time 779
47.6254317,-122.3527892 to 47.6096411,-122.3421596 time 779
47.6172837,-122.3566632 to 47.616282,-122.333556 time 779
47.6185454,-122.3398317 to 47.6141132,-122.3114705 time 781
47.5930297,-122.3231088 to 47.6080375,-122.3102402 time 785
47.6178778,-122.3541698 to 47.6110706,-122.3298055 time 790
47.5960239,-122.328155 to 47.6130662,-122.3162293 time 789
47.6185621,-122.3435011 to 47.6129362,-122.316805 time 792
47.6176159,-122.3155739 to 47.6232147,-122.3397564 time 793
47.5949964,-122.3250725 to 47.6107703,-122.3264459 time 797
47.6139547,-122.3375919 to 47.6011708,-122.3172791 time 799
47.6185639,-122.3438129 to 47.6164392,-122.3168729 time 799
47.6064645,-122.3207823 to 47.6115001,-122.3452925 time 799
47.6171513,-122.3370451 to 47.5975293,-122.3211852 time 802
47.5975058,-122.3196357 to 47.6082891,-122.3380101 time 802
47.601699,-122.31784 to 47.6211172,-122.3156742 time 803
47.6068328,-122.3154507 to 47.6126656,-122.3373647 time 806
47.6196913,-122.335879 to 47.6000344,-122.3276694 time 811
47.6024792,-122.3369136 to 47.5958218,-122.3125187 time 811
47.6098432,-122.3408914 to 47.621102,-122.3178253 time 815
47.6110241,-122.32821 to 47.6251048,-122.3292011 time 816
47.5902893,-122.328646 to 47.6019836,-122.3375222 time 818
47.5992059,-122.314144 to 47.6146147,-122.332724 time 820
47.6046185,-122.3269834 to 47.6219768,-122.3330009 time 824
47.6141051,-122.3155439 to 47.6232147,-122.3397564 time 822
47.6097652,-122.3378196 to 47.6232934,-122.3606316 time 824
47.603519,-122.3142052 to 47.6116333,-122.3396012 time 829
47.6170104,-122.357014 to 47.6017285,-122.3319771 time 831
47.5992229,-122.3103071 to 47.595284,-122.3208899 time 832
47.6075988,-122.3396664 to 47.6092158,-122.3141617 time 834
47.6204843,-122.3087567 to 47.6219768,-122.3304388 time 834
47.6152309,-122.3255267 to 47.6008497,-122.3102924 time 836
47.6204984,-122.3127138 to 47.6245636,-122.3358414 time 838
47.5944359,-122.3091372 to 47.5905056,-122.3292853 time 836
47.5974997,-122.3172352 to 47.5947167,-122.3171559 time 841
47.6231335,-122.3317248 to 47.6088488,-122.3400201 time 840
47.5992312,-122.3089772 to 47.620483,-122.3100587 time 843
47.613279,-122.3374748 to 47.6061857,-122.3115642 time 840
47.6115001,-122.3452925 to 47.6045973,-122.3223338 time 842
47.6164535,-122.3114529 to 47.6031809,-122.3375627 time 845
47.6171377,-122.3267787 to 47.6000545,-122.3342459 time 847
47.6251249,-122.3213347 to 47.6249608,-122.3308112 time 848
47.59232,-122.308836 to 47.6091256,-122.3280124 time 847
47.6208478,-122.3252873 to 47.6020226,-122.3365065 time 851
47.623215,-122.3423609 to 47.6251272,-122.3235811 time 850
47.6196851,-122.3291255 to 47.6059955,-122.3401222 time 853
47.6231311,-122.3273209 to 47.6209091,-122.3463024 time 856
47.6021003,-122.3391514 to 47.6152366,-122.3244711 time 858
47.6108117,-122.3452829 to 47.6219768,-122.3220095 time 856
47.6129466,-122.3194383 to 47.6183481,-122.3489908 time 858
47.6110545,-122.3425796 to 47.6151505,-122.3112215 time 857
47.6166472,-122.3381133 to 47.6242642,-122.3146306 time 862
47.6208207,-122.3330009 to 47.6045918,-122.3207915 time 862
47.6247575,-122.3343663 to 47.6151505,-122.3112215 time 863
47.6245538,-122.3488383 to 47.6219764,-122.3272246 time 866
47.6130662,-122.3162293 to 47.6133735,-122.3465185 time 870
47.5938343,-122.320059 to 47.6181311,-122.3384227 time 870
47.6219768,-122.3230383 to 47.6056295,-122.334026 time 875
47.6209545,-122.3612829 to 47.6017372,-122.3348555 time 877
47.6220541,-122.3436043 to 47.6199624,-122.3143139 time 879
47.5992507,-122.323733 to 47.6196798,-122.3297158 time 874
47.6074864,-122.3295782 to 47.6251257,-122.3224006 time 880
47.6000304,-122.3263621 to 47.6185712,-122.3463134 time 881
47.5966661,-122.3224561 to 47.6141034,-122.3255171 time 883
47.6259478,-122.3343735 to 47.6231053,-122.3177882 time 885
47.6155055,-122.332284 to 47.6221085,-122.3567311 time 889
47.6106961,-122.3355778 to 47.5983388,-122.3115969 time 888
47.6197196,-122.3438407 to 47.6145009,-122.3127763 time 891
47.6087555,-122.3368912 to 47.6176239,-122.3142765 time 899
47.6082891,-122.3380101 to 47.6211261,-122.3144294 time 903
47.6204962,-122.3113958 to 47.6185621,-122.3435011 time 906
47.5974959,-122.3089965 to 47.610148,-122.333559 time 911
47.6021405,-122.3391509 to 47.6194185,-122.3294919 time 909
47.6254439,-122.3567189 to 47.6153568,-122.3295636 time 924
47.6182375,-122.348792 to 47.6210946,-122.31888 time 927
47.6139394,-122.327808 to 47.5900885,-122.3224247 time 925
47.5944502,-122.3168494 to 47.6207463,-122.3281531 time 925
47.6177557,-122.3234628 to 47.5975283,-122.327686 time 928
47.6062078,-122.3167772 to 47.6196798,-122.3297158 time 933
47.5958218,-122.3125187 to 47.6152241,-122.3268033 time 935
47.6245552,-122.338463 to 47.6242718,-122.3177911 time 934
47.6120189,-122.3291048 to 47.6017368,-122.3342296 time 936
47.6210946,-122.31888 to 47.6008445,-122.3089592 time 939
47.6219768,-122.3230383 to 47.6024792,-122.3369136 time 939
47.6204962,-122.3113958 to 47.6019182,-122.3306402 time 950
47.6219768,-122.3330009 to 47.6150276,-122.3533107 time 952
47.6116047,-122.3464893 to 47.6035228,-122.3180949 time 954
47.6038779,-122.3382122 to 47.624589,-122.3580176 time 955
47.6254628,-122.3290328 to 47.6052139,-122.32079 time 961
47.596678,-122.3263844 to 47.6187653,-122.3182109 time 961
47.6035277,-122.3200651 to 47.6133397,-122.3521676 time 962
47.6210899,-122.3195495 to 47.6030422,-122.3355688 time 962
47.6219764,-122.3272246 to 47.6000485,-122.3355885 time 965
47.5921923,-122.3291525 to 47.6143918,-122.3383323 time 964
47.6185628,-122.3432176 to 47.5958171,-122.3212326 time 968
47.6000304,-122.3263621 to 47.6250472,-122.3209026 time 968
47.6254049,-122.343752 to 47.6152849,-122.314213 time 970
47.6168057,-122.3444174 to 47.5918572,-122.3230395 time 975
47.5958189,-122.3127999 to 47.6094497,-122.3418368 time 974
47.6020234,-122.3398649 to 47.6185503,-122.3234501 time 976
47.6245562,-122.3397441 to 47.5961161,-122.3209456 time 980
47.595636,-122.3120773 to 47.6152704,-122.3181633 time 981
47.6079481,-122.3284765 to 47.6254077,-122.3435851 time 982
47.6025303,-122.3398402 to 47.6186299,-122.357391 time 984
47.6146899,-122.3487544 to 47.6016771,-122.314919 time 989
47.6232711,-122.3554309 to 47.6017393,-122.3355425 time 995
47.6039968,-122.338314 to 47.6247016,-122.338463 time 996
47.6029423,-122.3391575 to 47.618583,-122.3534391 time 1001
47.6211261,-122.3144294 to 47.6008703,-122.3328669 time 1002
47.6242721,-122.3330009 to 47.6078756,-122.3237499 time 1004
47.6000474,-122.3358973 to 47.6219768,-122.3230383 time 1007
47.6088488,-122.3400201 to 47.6250472,-122.3209026 time 1008
47.6232553,-122.3113138 to 47.5974997,-122.3172352 time 1010
47.6017393,-122.3355425 to 47.6245672,-122.3541097 time 1016
47.6080445,-122.3128193 to 47.6185679,-122.3453925 time 1016
47.5992133,-122.3322331 to 47.6160253,-122.3430881 time 1021
47.5991463,-122.3237336 to 47.6092979,-122.3389402 time 1019
47.6113492,-122.339962 to 47.6231088,-122.3136403 time 1019
47.6252544,-122.3112872 to 47.6172675,-122.3391819 time 1019
47.5902939,-122.3296597 to 47.616282,-122.333556 time 1025
47.6092357,-122.3196207 to 47.5924036,-122.3243726 time 1026
47.5983695,-122.3263731 to 47.6172837,-122.3566632 time 1027
47.6120713,-122.3482291 to 47.5926954,-122.3240446 time 1028
47.6242642,-122.3146306 to 47.6247016,-122.338463 time 1028
47.6065823,-122.3364381 to 47.6221085,-122.3567311 time 1031
47.6221085,-122.3567311 to 47.6068115,-122.3288827 time 1035
47.6219472,-122.3126528 to 47.6049427,-122.3379977 time 1039
47.6037219,-122.3338129 to 47.6141567,-122.3478479 time 1042
47.5992187,-122.3359196 to 47.6209419,-122.3567461 time 1041
47.6219758,-122.3188683 to 47.6243971,-122.3441126 time 1053
47.6164481,-122.3128007 to 47.5946187,-122.325432 time 1054
47.5992507,-122.323733 to 47.6219613,-122.3157183 time 1057
47.6021405,-122.3391509 to 47.6176239,-122.3142765 time 1055
47.6219607,-122.3146888 to 47.595556,-122.3113007 time 1056
47.5951389,-122.3134336 to 47.6164428,-122.3155451 time 1058
47.6245672,-122.3541097 to 47.6017176,-122.336534 time 1058
47.615349,-122.3478986 to 47.5996847,-122.3196396 time 1059
47.6133768,-122.3504595 to 47.5957694,-122.3187713 time 1059
47.6130601,-122.3331627 to 47.5983083,-122.3332463 time 1061
47.6190246,-122.3251792 to 47.5907596,-122.3221187 time 1067
47.6163559,-122.32679 to 47.5924412,-122.3238846 time 1068
47.6251249,-122.3213347 to 47.6054068,-122.3368943 time 1074
47.621102,-122.3178253 to 47.6164589,-122.3497748 time 1075
47.6000223,-122.323459 to 47.6134367,-122.3303998 time 1078
47.5958144,-122.3277278 to 47.6185265,-122.3127583 time 1081
47.6219768,-122.3220095 to 47.6144471,-122.354031 time 1086
47.5925303,-122.3251242 to 47.6178123,-122.3559748 time 1095
47.6247575,-122.3343663 to 47.6115645,-122.316787 time 1098
47.6178784,-122.3342926 to 47.5944502,-122.3168494 time 1100
47.5951532,-122.3332532 to 47.6192299,-122.3252838 time 1101
47.6035364,-122.3207792 to 47.6232147,-122.3397564 time 1104
47.60002,-122.315936 to 47.6252412,-122.3086727 time 1104
47.6219517,-122.3136329 to 47.62069,-122.347594 time 1115
47.6164535,-122.3114529 to 47.6209383,-122.3475924 time 1115
47.5951493,-122.3264032 to 47.6185676,-122.3450098 time 1117
47.6242642,-122.3146306 to 47.5992507,-122.323733 time 1121
47.5991463,-122.3237336 to 47.6259478,-122.3343735 time 1127
47.6172396,-122.347109 to 47.5923908,-122.333225 time 1129
47.594186,-122.3359944 to 47.6166038,-122.3400508 time 1130
47.6185752,-122.3553532 to 47.6027128,-122.3221465 time 1134
47.6210899,-122.3195495 to 47.5915364,-122.315996 time 1139
47.6197584,-122.3541602 to 47.6138979,-122.3142241 time 1142
47.6211261,-122.3143247 to 47.6140573,-122.3477251 time 1145
47.598299,-122.3304926 to 47.6129389,-122.3268789 time 1146
47.6245675,-122.3527877 to 47.6103025,-122.3275381 time 1150
47.6116047,-122.3464893 to 47.5905056,-122.3292853 time 1149
47.6251249,-122.3213347 to 47.6000264,-122.3250284 time 1154
47.6219768,-122.3252933 to 47.6245997,-122.3606101 time 1162
47.6052465,-122.3287161 to 47.6158349,-122.3387488 time 1164
47.6138016,-122.3320373 to 47.5900885,-122.3224247 time 1167
47.6166038,-122.3400508 to 47.5915326,-122.3148219 time 1167
47.6020332,-122.3376194 to 47.6208672,-122.3371639 time 1173
47.6128157,-122.3495132 to 47.6092102,-122.3102358 time 1177
47.5983083,-122.3332463 to 47.6209545,-122.3612829 time 1177
47.5975293,-122.3211852 to 47.6171377,-122.3267787 time 1181
47.6253399,-122.3213334 to 47.602201,-122.3293592 time 1181
47.6141176,-122.3088519 to 47.61579,-122.3506231 time 1184
47.6219768,-122.3265784 to 47.6197828,-122.3593496 time 1187
47.6128274,-122.3168033 to 47.5930297,-122.3231088 time 1189
47.6185809,-122.3541567 to 47.606202,-122.3154533 time 1188
47.6157078,-122.3524178 to 47.6092281,-122.3173403 time 1196
47.6219768,-122.3252933 to 47.5904358,-122.3365579 time 1192
47.5902939,-122.3299652 to 47.6245678,-122.3514811 time 1200
47.5992227,-122.3115894 to 47.6147021,-122.3302555 time 1199
47.6253536,-122.3190972 to 47.5958171,-122.3212326 time 1201
47.6196469,-122.3489176 to 47.602978,-122.326999 time 1198
47.5947584,-122.3250728 to 47.6197679,-122.3554556 time 1201
47.6164544,-122.3088262 to 47.6162628,-122.3533566 time 1213
47.6119503,-122.3460638 to 47.591115,-122.3216685 time 1218
47.5958218,-122.3224618 to 47.6208834,-122.3435825 time 1226
47.6185838,-122.3489317 to 47.5996012,-122.321032 time 1226
47.6251257,-122.3224006 to 47.6008437,-122.3172759 time 1233
47.6254051,-122.3449383 to 47.6196784,-122.3087709 time 1236
47.6254317,-122.3527892 to 47.6164498,-122.3142266 time 1249
47.6231088,-122.3136403 to 47.5916038,-122.312329 time 1255
47.5941486,-122.3250819 to 47.6219472,-122.3126528 time 1256
47.5922032,-122.3290057 to 47.6231311,-122.3265784 time 1259
47.596678,-122.3263844 to 47.6208679,-122.3384717 time 1261
47.6208478,-122.3279267 to 47.5915326,-122.3148219 time 1271
47.5957282,-122.3197379 to 47.6247169,-122.3449545 time 1279
47.6045918,-122.3207915 to 47.6153568,-122.3295636 time 1281
47.6166804,-122.3461696 to 47.5934644,-122.3246225 time 1285
47.5907596,-122.3221187 to 47.6198882,-122.3600215 time 1285
47.5975125,-122.3224505 to 47.6185676,-122.3450098 time 1287
47.6141132,-122.3114705 to 47.6182663,-122.3567419 time 1291
47.5954678,-122.3125569 to 47.6249608,-122.3308112 time 1292
47.5992059,-122.314144 to 47.6232149,-122.338463 time 1297
47.6185263,-122.3330009 to 47.5963647,-122.3341883 time 1296
47.5922032,-122.3290057 to 47.6245974,-122.3593312 time 1296
47.6184473,-122.3551371 to 47.620483,-122.3100587 time 1302
47.6125952,-122.334263 to 47.5957282,-122.3197379 time 1298
47.6254317,-122.3527892 to 47.614112,-122.3101587 time 1329
47.6115645,-122.316787 to 47.624537,-122.3462431 time 1327
47.6212963,-122.314655 to 47.5955294,-122.3237724 time 1336
47.6221085,-122.3567311 to 47.6231272,-122.3188401 time 1339
47.6164498,-122.3142266 to 47.594186,-122.3359944 time 1342
47.6231311,-122.3304388 to 47.5923908,-122.333225 time 1348
47.6254072,-122.3243072 to 47.5903315,-122.3360145 time 1356
47.5992507,-122.323733 to 47.6185628,-122.3432176 time 1364
47.6209241,-122.3541566 to 47.6016809,-122.3089499 time 1365
47.6028956,-122.3398408 to 47.623182,-122.3126364 time 1369
47.5927782,-122.3227692 to 47.6251257,-122.3224006 time 1374
47.6008789,-122.334235 to 47.6208984,-122.3437613 time 1380
47.6026892,-122.3089748 to 47.6246146,-122.3336416 time 1385
47.6209543,-122.360636 to 47.6026793,-122.3149299 time 1400
47.6012228,-122.330274 to 47.6245772,-122.3553998 time 1399
47.6196469,-122.3489176 to 47.6105379,-122.3450092 time 1406
47.5961161,-122.3209456 to 47.6249608,-122.3308112 time 1407
47.5934644,-122.3246225 to 47.6208984,-122.3437613 time 1420
47.6182663,-122.3567419 to 47.5949871,-122.3237759 time 1427
47.6104885,-122.3451821 to 47.6119106,-122.3213623 time 1431
47.6061857,-122.3115642 to 47.6183353,-122.3529962 time 1440
47.6190046,-122.3088144 to 47.6186299,-122.357391 time 1439
47.6104885,-122.3451821 to 47.6197152,-122.3397892 time 1450
47.6173331,-122.3453221 to 47.5946259,-122.3174964 time 1460
47.594186,-122.3359944 to 47.6242649,-122.3219807 time 1463
47.5934933,-122.3097301 to 47.6251063,-122.330341 time 1473
47.6162539,-122.3284111 to 47.5957282,-122.3197379 time 1473
47.6232859,-122.3593438 to 47.6164493,-122.310133 time 1484
47.5958126,-122.3200702 to 47.6185759,-122.3476152 time 1491
47.6197321,-122.3423798 to 47.5962097,-122.3276948 time 1496
47.6244557,-122.310002 to 47.6254433,-122.355376 time 1505
47.6251254,-122.3219591 to 47.5921218,-122.3094693 time 1510
47.6199684,-122.3135262 to 47.6207959,-122.3610677 time 1509
47.6092228,-122.3167865 to 47.6185922,-122.3503333 time 1516
47.6107439,-122.321783 to 47.6221085,-122.3567311 time 1518
47.6232859,-122.3593438 to 47.6016911,-122.3128616 time 1530
47.6244587,-122.3112969 to 47.5924412,-122.3238846 time 1551
47.6232727,-122.3567162 to 47.6016792,-122.3167831 time 1563
47.6254376,-122.3541131 to 47.5983419,-122.317236 time 1564
47.6001947,-122.3172136 to 47.6083209,-122.3310267 time 1580
47.6210872,-122.3199249 to 47.5956658,-122.3341344 time 1591
47.5983316,-122.3134211 to 47.6254258,-122.3514882 time 1605
47.624699,-122.3371419 to 47.5975537,-122.3200722 time 1609
47.6257174,-122.3580134 to 47.6092152,-122.3154408 time 1622
47.606202,-122.3154533 to 47.6232859,-122.3593438 time 1626
47.6254138,-122.3488383 to 47.59232,-122.308836 time 1626
47.6083209,-122.3310267 to 47.6152652,-122.3417782 time 1631
47.5975038,-122.312743 to 47.6245997,-122.3606101 time 1638
47.6104885,-122.3451821 to 47.6259645,-122.3325681 time 1655
47.6191444,-122.3282188 to 47.5935193,-122.3348302 time 1677
47.5924118,-122.3259393 to 47.6252829,-122.3146244 time 1709
47.6001947,-122.3172136 to 47.6056014,-122.3293393 time 1723
47.6257087,-122.356913 to 47.5940496,-122.3101356 time 1771
47.624259,-122.3136282 to 47.5992057,-122.3296758 time 1782
47.622102,-122.3126497 to 47.591115,-122.3216685 time 1785
47.6115525,-122.3114791 to 47.6258425,-122.3606253 time 1828
