47.62527,-122.3136228 to 47.6242642,-122.3146306 time 67 1
47.6254198,-122.3501743 to 47.624537,-122.3462431 time 121 2
47.6152541,-122.3114338 to 47.6129112,-122.314161 time 136 2
47.6242748,-122.3317243 to 47.6219768,-122.3291478 time 137 2
47.6154758,-122.3461132 to 47.6197338,-122.3434956 time 176 2
47.6145957,-122.3505414 to 47.6168057,-122.3444174 time 212 3
47.6115414,-122.3088653 to 47.6080445,-122.3128193 time 221 2
47.6185265,-122.3127583 to 47.612912,-122.3154175 time 240 4
47.6178253,-122.3361727 to 47.6127912,-122.3309661 time 245 4
47.6053181,-122.3229841 to 47.6070218,-122.3306814 time 265 4
47.6177405,-122.3262525 to 47.6164476,-122.328335 time 278 3
47.5943522,-122.3103633 to 47.5975058,-122.3196357 time 283 3
47.6253399,-122.3213334 to 47.6187653,-122.3182109 time 304 4
47.6141856,-122.3279221 to 47.6208207,-122.3330009 time 338 4
47.6012379,-122.3246094 to 47.5930976,-122.3233131 time 338 2
47.6106961,-122.3355778 to 47.6030293,-122.3331773 time 338 4
47.6160253,-122.3430881 to 47.6091536,-122.332635 time 350 5
47.6079315,-122.3238011 to 47.6044575,-122.334488 time 363 5
47.6196469,-122.3489176 to 47.6166472,-122.3381133 time 365 5
47.6051575,-122.3351305 to 47.5975283,-122.327686 time 370 5
47.5958206,-122.3173196 to 47.6000304,-122.3263621 time 369 4
47.6114445,-122.322445 to 47.6140621,-122.3340552 time 381 6
47.5974959,-122.3089965 to 47.6061975,-122.3141738 time 408 4
47.6251048,-122.3292011 to 47.6244488,-122.3423661 time 416 5
47.6071224,-122.323188 to 47.6043289,-122.3101787 time 433 5
47.6254051,-122.3449383 to 47.6160155,-122.347033 time 447 3
47.609212,-122.3115266 to 47.6199624,-122.3143139 time 448 5
47.6180172,-122.3444336 to 47.6077623,-122.335978 time 451 7
47.6245225,-122.3410721 to 47.613718,-122.3391467 time 456 6
47.6008547,-122.3115574 to 47.6129142,-122.3114784 time 477 5
47.6176192,-122.3101 to 47.6141034,-122.3255171 time 478 6
47.6159208,-122.3296385 to 47.6041943,-122.3327164 time 502 5
47.6107439,-122.321783 to 47.6121683,-122.3385329 time 525 6
47.6139547,-122.3375919 to 47.6090909,-122.3233709 time 527 6 
47.6210713,-122.3221758 to 47.6081721,-122.3256052 time 534 7
47.6080481,-122.3141718 to 47.6000384,-122.3290147 time 536 6
47.6052363,-122.3397615 to 47.5975244,-122.3263788 time 538 8
47.5907605,-122.3224953 to 47.5983316,-122.3134211 time 543 5
47.6000264,-122.3250284 to 47.6080481,-122.3141718 time 557 6
47.6098286,-122.328663 to 47.6043378,-122.3115334 time 569 7
47.6176755,-122.3498632 to 47.6144535,-122.3310505 time 574 8
47.6209241,-122.3541566 to 47.624699,-122.3371419 time 576 9
47.6166958,-122.3422208 to 47.6104497,-122.3313947 time 606 6
47.6141856,-122.3279221 to 47.6190046,-122.3088144 time 616 7
47.6242703,-122.3279427 to 47.6109565,-122.3404737 time 617 8
47.6031809,-122.3375627 to 47.6129861,-122.3234164 time 617 8
47.6035208,-122.3101743 to 47.5916038,-122.312329 time 632 5
47.6149542,-122.3352929 to 47.6209241,-122.3541566 time 631 7
47.6251063,-122.330341 to 47.6052465,-122.3287161 time 643 5
47.6086836,-122.3337566 to 47.5992058,-122.317235 time 661 8
47.6026925,-122.3112633 to 47.612405,-122.3248695 time 673 6
47.5944359,-122.3091372 to 47.5934644,-122.3246225 time 680 5
47.6210872,-122.3199249 to 47.6079696,-122.3331106 time 681 8
47.6253536,-122.3190972 to 47.6083679,-122.3242633 time 681 8
47.6182931,-122.3309975 to 47.5957657,-122.3189836 time 693 4
47.6035228,-122.3180949 to 47.6143727,-122.3309727 time 724 6
47.6146828,-122.3311308 to 47.6008703,-122.3328669 time 741 6
47.6208834,-122.3435825 to 47.6035361,-122.3367059 time 752 10
47.5934933,-122.3097301 to 47.6048794,-122.3286935 time 762 7
47.6044575,-122.334488 to 47.6170488,-122.3546804 time 772 8
47.5962707,-122.3214774 to 47.6124761,-122.3223632 time 778 8
47.6178253,-122.3361727 to 47.6176102,-122.3088074 time 796 9
47.6115525,-122.3114791 to 47.6043147,-122.3389224 time 797 12
47.6035246,-122.308955 to 47.6008789,-122.334235 time 805 7
47.6219768,-122.3209261 to 47.6097652,-122.3378196 time 812 8
47.606202,-122.3154533 to 47.5924412,-122.3238846 time 817 7
47.6253422,-122.3157346 to 47.6043378,-122.3115334 time 834 8
47.6181085,-122.3426914 to 47.6103934,-122.3173478 time 856 10
47.6245225,-122.3410721 to 47.6124852,-122.3280058 time 858 6
47.5987192,-122.3355801 to 47.6125952,-122.334263 time 869 9
47.6175708,-122.3234548 to 47.5991463,-122.3237336 time 914 8
47.6253422,-122.3157346 to 47.6151578,-122.3396251 time 917 9
47.611952,-122.3259835 to 47.6172837,-122.3566632 time 924 10
47.5958319,-122.3250563 to 47.6192194,-122.3265799 time 951 7
47.5957076,-122.3191597 to 47.5964835,-122.32904 time 960 5
47.600869,-122.3194236 to 47.6182311,-122.350802 time 974 12
47.6093695,-122.3298023 to 47.6243971,-122.3441126 time 979 10
47.6185847,-122.3528569 to 47.6242678,-122.3253264 time 991 9
47.5942281,-122.3290533 to 47.6208834,-122.3435825 time 1010 9
47.5992178,-122.3341314 to 47.6231311,-122.3209261 time 1059 10
47.6197345,-122.3463157 to 47.6141176,-122.3088519 time 1061 14
47.5958153,-122.3140347 to 47.6231088,-122.3136403 time 1108 9
47.6185175,-122.310087 to 47.6148037,-122.3469792 time 1120 12
47.5983203,-122.3089874 to 47.6195737,-122.3242656 time 1133 8
47.6176755,-122.3498632 to 47.5916189,-122.3224727 time 1158 12
47.6219757,-122.3199256 to 47.6209241,-122.3541566 time 1159 9
47.5904358,-122.3365579 to 47.6245772,-122.3553998 time 1174 8
47.6172837,-122.3566632 to 47.6035222,-122.3167805 time 1208 16
47.6104497,-122.3313947 to 47.619083,-122.3581633 time 1214 9
47.6145009,-122.3127763 to 47.6209325,-122.3554526 time 1243 12
47.6090021,-122.330885 to 47.6207959,-122.3610677 time 1246 9
47.6107703,-122.3264459 to 47.6257073,-122.3567166 time 1296 9
47.624537,-122.3462431 to 47.5958153,-122.3140347 time 1323 8
47.5983316,-122.3134211 to 47.6251254,-122.3219591 time 1336 10
47.6245538,-122.3488383 to 47.6252628,-122.3125999 time 1346 10
47.6016771,-122.314919 to 47.619083,-122.3581633 time 1353 12
47.6035219,-122.3128494 to 47.6208889,-122.3410873 time 1399 12
47.6092228,-122.3167865 to 47.6197775,-122.3567633 time 1629 14
47.5944502,-122.3168494 to 47.6188386,-122.3438194 time 1731 14
47.6253399,-122.3213334 to 47.6105379,-122.3450092 time 1855 12