47.607744,-122.3313384 to 47.6075075,-122.3342339 time 88 29
47.6185679,-122.3453925 to 47.6197196,-122.3438407 time 92 61
47.6197423,-122.3476296 to 47.6209098,-122.34501 time 113 22
47.5991661,-122.3328928 to 47.600867,-122.331557 time 166 50
47.6158722,-122.3278842 to 47.6207463,-122.3281531 time 174 76
47.6116191,-122.3333583 to 47.6147021,-122.3302555 time 183 89
47.6196851,-122.3291255 to 47.6169908,-122.3270679 time 189 28
47.6036923,-122.3291997 to 47.6008943,-122.3359692 time 225 63
47.5962097,-122.3276948 to 47.5992057,-122.3224393 time 229 96
47.6154593,-122.3307288 to 47.6104497,-122.3313947 time 259 65
47.6199225,-122.3195342 to 47.6128274,-122.3168033 time 297 14
47.6114846,-122.3271042 to 47.6163962,-122.3221635 time 303 59
47.6071764,-122.3232374 to 47.6115551,-122.3177089 time 312 5
47.6069932,-122.3260554 to 47.6123094,-122.3180452 time 313 26
47.5962097,-122.3276948 to 47.6017334,-122.3335991 time 319 43
47.6175092,-122.3435872 to 47.6117067,-122.3417417 time 321 10
47.608661,-122.3291368 to 47.60171,-122.3224838 time 320 15
47.6162628,-122.3533566 to 47.6110545,-122.3425796 time 324 44
47.6152704,-122.3181633 to 47.6120189,-122.3291048 time 354 35
47.6210713,-122.3221758 to 47.6111538,-122.3208162 time 354 54
47.6077082,-122.3267127 to 47.6068328,-122.3154507 time 355 70
47.6152835,-122.3155536 to 47.6171726,-122.3281757 time 363 24
47.6198151,-122.3234436 to 47.6119106,-122.3213623 time 364 68
47.6149349,-122.3286964 to 47.6092355,-122.32081 time 373 23
47.619665,-122.3330009 to 47.6117946,-122.3394074 time 377 47
47.6043701,-122.3194064 to 47.6129396,-122.3176731 time 382 17
47.6036923,-122.3291997 to 47.6109828,-122.32357 time 389 72
47.6140904,-122.3208285 to 47.6184582,-122.3291106 time 396 71
47.6208478,-122.3265775 to 47.6165075,-122.3378768 time 398 13
47.6145996,-122.3426342 to 47.606838,-122.3381925 time 398 6
47.6050917,-122.3258526 to 47.6139394,-122.327808 time 399 12
47.5975537,-122.3200722 to 47.6000264,-122.3250284 time 425 67
47.6197423,-122.3476296 to 47.6174793,-122.3343445 time 443 94
47.6205306,-122.3286518 to 47.6079481,-122.3284765 time 444 0
47.6185869,-122.3494467 to 47.6140621,-122.3340552 time 444 80
47.6208679,-122.3384717 to 47.611508,-122.3301913 time 446 36
47.6183871,-122.3331763 to 47.6079696,-122.3331106 time 450 97
47.6106056,-122.3324189 to 47.6129396,-122.3176731 time 463 8
47.6074096,-122.3154428 to 47.6012379,-122.3246094 time 474 41
47.6011028,-122.331387 to 47.6026954,-122.3186733 time 475 58
47.6119106,-122.3213623 to 47.6131351,-122.3362705 time 477 20
47.611508,-122.3301913 to 47.6180335,-122.3404905 time 480 18
47.6100304,-122.3211481 to 47.6146147,-122.332724 time 510 2
47.6100304,-122.3211481 to 47.6146147,-122.332724 time 509 64
47.6100304,-122.3211481 to 47.6146147,-122.332724 time 510 93
47.6100304,-122.3211481 to 47.6146147,-122.332724 time 510 11
47.6100304,-122.3211481 to 47.6146147,-122.332724 time 510 42
47.6028521,-122.3241431 to 47.5957076,-122.3191597 time 520 74
47.6049096,-122.3333828 to 47.6172675,-122.3391819 time 525 75
47.613918,-122.3514108 to 47.6185325,-122.335888 time 534 57
47.6069309,-122.3297294 to 47.60002,-122.315936 time 537 82
47.6058842,-122.3403801 to 47.606022,-122.3236391 time 540 38
47.6120189,-122.3291048 to 47.6188091,-122.3434638 time 552 32
47.6110706,-122.3298055 to 47.6178446,-122.3421629 time 559 78
47.6049475,-122.3293068 to 47.6141046,-122.3244585 time 561 77
47.6043662,-122.3180972 to 47.6052465,-122.3287161 time 564 39
47.6111538,-122.3208162 to 47.619665,-122.3330009 time 565 52
47.6175845,-122.3208427 to 47.6097652,-122.3378196 time 567 56
47.5992058,-122.317235 to 47.5992187,-122.3359196 time 599 9
47.6129814,-122.3244363 to 47.6045897,-122.3388381 time 601 87
47.6062119,-122.3194197 to 47.6097652,-122.3378196 time 606 66
47.6069309,-122.3297294 to 47.6115001,-122.3452925 time 612 1
47.612405,-122.3248695 to 47.6073776,-122.3402101 time 613 31
47.5982936,-122.3355319 to 47.611508,-122.3301913 time 615 92
47.6205306,-122.3286518 to 47.5992035,-122.3290202 time 616 60
47.6175723,-122.351657 to 47.6042382,-122.337344 time 628 46
47.6115001,-122.3452925 to 47.6163559,-122.32679 time 628 88
47.6040006,-122.3356188 to 47.5996012,-122.321032 time 642 83
47.5983616,-122.3237389 to 47.6088488,-122.3400201 time 645 37
47.6164476,-122.328335 to 47.6043147,-122.3389224 time 649 40
47.6067422,-122.3243017 to 47.621102,-122.3178253 time 658 85
47.6068993,-122.329076 to 47.6164589,-122.3497748 time 678 86
47.6052363,-122.3397615 to 47.6129396,-122.3176731 time 677 69
47.6152704,-122.3181633 to 47.6025469,-122.3343002 time 695 45
47.5991955,-122.3263677 to 47.6151578,-122.3396251 time 708 55
47.6139547,-122.3375919 to 47.6030141,-122.3194138 time 720 27
47.6154593,-122.3307288 to 47.6113665,-122.3454328 time 723 49
47.6117685,-122.3193346 to 47.5958171,-122.3212326 time 728 25
47.606838,-122.3381925 to 47.6103934,-122.3173478 time 731 16
47.6052465,-122.3287161 to 47.6019373,-122.3180738 time 744 7
47.6110241,-122.32821 to 47.5966661,-122.3224561 time 758 81
47.608661,-122.3291368 to 47.618583,-122.3534391 time 776 19
47.6159231,-122.3488559 to 47.5965162,-122.3341906 time 784 33
47.6166038,-122.3400508 to 47.598299,-122.3304926 time 790 98
47.6185309,-122.335279 to 47.5992035,-122.3290202 time 793 30
47.6129788,-122.3221184 to 47.5963647,-122.3341883 time 794 48
47.5992057,-122.3224393 to 47.6199524,-122.3156184 time 853 3
47.6170891,-122.3278779 to 47.6026966,-122.3188559 time 854 84
47.6152652,-122.3417782 to 47.6016792,-122.3167831 time 862 34
47.6146828,-122.3311308 to 47.5982822,-122.3356333 time 863 90
47.60768,-122.3310739 to 47.6072626,-122.3231891 time 897 21
47.5957282,-122.3197379 to 47.6197011,-122.3365229 time 901 62
47.6185309,-122.335279 to 47.5949871,-122.3237759 time 921 99
47.6116047,-122.3464893 to 47.5983419,-122.317236 time 940 91
47.6210992,-122.3182328 to 47.6119503,-122.3460638 time 940 51
47.6211172,-122.3156742 to 47.6209098,-122.34501 time 956 4
47.6084779,-122.3306893 to 47.6011028,-122.331387 time 962 53
47.6140957,-122.3194548 to 47.6144471,-122.354031 time 967 73
47.5992507,-122.323733 to 47.6197051,-122.3371869 time 998 79
47.6012379,-122.3246094 to 47.6197591,-122.3487688 time 1295 95
