47.6141051,-122.3155439 to 47.6115632,-122.3141271 time 118 2
47.5975024,-122.3116019 to 47.6000201,-122.3141289 time 132 2
47.6177598,-122.3383398 to 47.6128732,-122.3314382 time 231 5
47.6242665,-122.32403 to 47.6242642,-122.3146306 time 261 3
47.6196732,-122.3304388 to 47.6145179,-122.3311174 time 301 3
47.6129732,-122.3208155 to 47.6127912,-122.3309661 time 309 4
47.6083806,-122.3227255 to 47.6152309,-122.3255267 time 326 4
47.6232859,-122.3593438 to 47.6144471,-122.354031 time 405 5
47.6209091,-122.3463024 to 47.6144471,-122.354031 time 430 6
47.6175767,-122.3221815 to 47.6196833,-122.3114051 time 444 5
47.6113665,-122.3454328 to 47.6209419,-122.3567461 time 533 5
47.6150276,-122.3533107 to 47.6136154,-122.3370367 time 553 7
47.6106056,-122.3324189 to 47.6185922,-122.3503333 time 575 6
47.6100324,-122.3258404 to 47.6208916,-122.3423661 time 641 9
47.6060838,-122.3282382 to 47.6208478,-122.3265775 time 643 6
47.5963647,-122.3341883 to 47.6074096,-122.3154428 time 695 10
47.6152704,-122.3181633 to 47.6019836,-122.3375222 time 811 15
47.6245695,-122.3343555 to 47.6044575,-122.334488 time 828 7
47.6056454,-122.3386264 to 47.6000095,-122.3089685 time 843 11
47.5957076,-122.3191597 to 47.6109565,-122.3404737 time 849 14
47.6061792,-122.3102617 to 47.6242743,-122.3188484 time 852 9
47.617525,-122.3297178 to 47.5904358,-122.3365579 time 862 9
47.6197487,-122.3528404 to 47.607744,-122.3313384 time 869 10
47.5983655,-122.3250394 to 47.6164428,-122.3155451 time 917 12
47.6152633,-122.3194812 to 47.5957694,-122.3187713 time 929 10
47.6070218,-122.3306814 to 47.5963647,-122.3341883 time 1008 7
47.6043378,-122.3115334 to 47.6181311,-122.3384227 time 1032 15
47.621102,-122.3178253 to 47.5951389,-122.3134336 time 1105 12
47.5992133,-122.3322331 to 47.6185248,-122.3114446 time 1111 14
47.6141051,-122.3155439 to 47.62575,-122.3343979 time 1133 11
